1.000000000 0.000000000 0.000000000 0.000000000 0.000000000 1.000000000 0.000000000 0.000000000 0.000000000 0.000000000 1.000000000 0.000000000
0.999999642 0.000247826 0.000828116 0.000060217 -0.000248016 0.999999940 0.000229778 -0.000037934 -0.000828059 -0.000229983 0.999999642 0.000683132
1.000000000 0.000067847 0.000223373 0.000086662 -0.000067871 1.000000000 0.000105106 -0.000065210 -0.000223366 -0.000105122 0.999999940 0.000293304
1.000000000 -0.000103013 0.000180124 -0.000179796 0.000103014 1.000000000 -0.000003878 0.000028943 -0.000180123 0.000003896 1.000000000 0.000086735
0.999999821 0.000246761 0.000491014 0.000146295 -0.000246785 0.999999940 0.000049827 -0.000031205 -0.000491002 -0.000049948 0.999999881 0.000689500
0.999997675 0.000251051 0.002146672 0.000339544 -0.000251497 0.999999940 0.000207439 0.000136969 -0.002146620 -0.000207978 0.999997675 0.000988824
0.999999225 -0.000169587 0.001238078 -0.000898952 0.000169980 0.999999940 -0.000317450 0.000525074 -0.001238024 0.000317660 0.999999166 0.000087473
0.999999702 -0.000589836 0.000441728 0.000541378 0.000589883 0.999999821 -0.000107011 -0.000536810 -0.000441665 0.000107271 0.999999881 0.000320771
0.999999940 -0.000363150 0.000073586 0.000016378 0.000363190 0.999999762 -0.000542875 0.000713545 -0.000073389 0.000542902 0.999999821 0.000003868
0.999999523 -0.000688558 -0.000711749 -0.000426966 0.000687968 0.999999404 -0.000828001 0.001167311 0.000712319 0.000827511 0.999999404 0.000497985
0.999999702 -0.000518118 -0.000557184 -0.000185597 0.000518342 0.999999762 0.000402254 -0.000222419 0.000556975 -0.000402543 0.999999762 -0.000134037
0.999999523 -0.000784300 -0.000557234 0.000093049 0.000784505 0.999999642 0.000368614 0.000629382 0.000556944 -0.000369051 0.999999762 0.001128319
0.999999821 -0.000496256 -0.000253182 -0.000163256 0.000496388 0.999999762 0.000520644 0.000015414 0.000252924 -0.000520769 0.999999821 0.000470982
0.999999940 -0.000329334 -0.000223637 0.000110468 0.000329540 0.999999523 0.000921053 -0.000394284 0.000223334 -0.000921127 0.999999523 0.000143404
0.999999762 -0.000641891 0.000081273 -0.000154942 0.000641801 0.999999166 0.001104886 -0.000928477 -0.000081982 -0.001104833 0.999999404 -0.000048241
1.000000000 -0.000102699 0.000029643 -0.000542928 0.000102690 0.999999940 0.000294806 0.000505056 -0.000029674 -0.000294803 0.999999940 0.000275714
0.999999762 -0.000437816 -0.000545724 0.000458477 0.000438297 0.999999523 0.000880580 -0.000569640 0.000545338 -0.000880819 0.999999464 0.000433316
1.000000000 -0.000144956 -0.000117253 -0.000605350 0.000144983 0.999999940 0.000228106 0.000376783 0.000117220 -0.000228123 0.999999940 0.000297891
0.999999881 0.000411475 -0.000117921 -0.000101773 -0.000411444 0.999999881 0.000265285 0.000006926 0.000118030 -0.000265236 0.999999940 0.000145198
1.000000000 -0.000003775 -0.000103700 -0.000056131 0.000003783 1.000000000 0.000078687 -0.000175161 0.000103700 -0.000078687 1.000000000 -0.000195400
1.000000000 0.000103538 0.000181411 -0.000306761 -0.000103593 0.999999940 0.000302516 -0.000484448 -0.000181379 -0.000302535 0.999999940 0.000198206
1.000000000 0.000098442 0.000148406 -0.000005706 -0.000098443 1.000000000 0.000008037 -0.000005917 -0.000148406 -0.000008052 1.000000000 0.000137149
0.999999940 0.000222091 0.000157510 0.000040231 -0.000222051 0.999999940 -0.000256062 0.000450932 -0.000157567 0.000256027 0.999999940 0.000094335
1.000000000 0.000102532 0.000176910 -0.000006478 -0.000102525 1.000000000 -0.000035982 0.000002519 -0.000176914 0.000035964 1.000000000 0.000088530
1.000000000 0.000099735 0.000029803 -0.000010132 -0.000099735 1.000000000 0.000030173 0.000007858 -0.000029799 -0.000030176 1.000000000 -0.000076793
0.999999940 0.000216816 0.000246761 -0.000125098 -0.000216774 0.999999940 -0.000169161 0.000267976 -0.000246797 0.000169107 0.999999940 0.000181426
1.000000000 0.000010215 0.000098943 -0.000022402 -0.000010208 1.000000000 -0.000068515 -0.000011634 -0.000098944 0.000068514 1.000000000 0.000093094
1.000000000 0.000027798 0.000126908 -0.000217306 -0.000027823 1.000000000 0.000198164 -0.000398792 -0.000126902 -0.000198167 1.000000000 -0.000005217
0.999999940 0.000035459 0.000243803 -0.000333683 -0.000035484 1.000000000 0.000106028 -0.000185145 -0.000243799 -0.000106036 0.999999940 0.000103672
0.999999940 0.000216008 0.000143785 -0.000276852 -0.000216010 1.000000000 0.000013748 0.000060617 -0.000143782 -0.000013779 1.000000000 0.000175312
1.000000000 0.000016647 0.000045399 0.000065994 -0.000016639 1.000000000 -0.000182834 0.000252710 -0.000045402 0.000182833 1.000000000 0.000214107
1.000000000 0.000120941 0.000077852 -0.000056997 -0.000120944 1.000000000 0.000037960 -0.000047030 -0.000077847 -0.000037969 1.000000000 0.000284679
1.000000000 -0.000097196 0.000038453 -0.000018130 0.000097198 1.000000000 -0.000038898 -0.000023663 -0.000038450 0.000038902 1.000000000 0.000099995
1.000000000 -0.000003796 0.000100769 -0.000256528 0.000003762 0.999999940 0.000335663 -0.000608035 -0.000100771 -0.000335662 0.999999940 0.000195390
1.000000000 0.000180053 -0.000006410 0.000099527 -0.000180053 1.000000000 0.000018509 0.000009736 0.000006413 -0.000018508 1.000000000 0.000229082
1.000000000 0.000127579 0.000123973 -0.000162284 -0.000127586 1.000000000 0.000051152 -0.000034856 -0.000123967 -0.000051168 1.000000000 0.000294922
1.000000000 0.000062157 0.000067083 -0.000038640 -0.000062157 1.000000000 -0.000007846 -0.000001566 -0.000067083 0.000007842 1.000000000 0.000037030
0.999999940 0.000256999 0.000321665 -0.000408464 -0.000257009 0.999999940 0.000032475 0.000062145 -0.000321656 -0.000032558 0.999999940 0.000634261
0.999999940 0.000192801 0.000198644 -0.000374311 -0.000192829 1.000000000 0.000144574 -0.000120308 -0.000198616 -0.000144613 0.999999940 0.000270449
1.000000000 0.000101952 0.000054227 -0.000020292 -0.000101953 1.000000000 0.000024231 -0.000002453 -0.000054224 -0.000024236 1.000000000 0.000034978
1.000000000 0.000016031 0.000080102 -0.000257087 -0.000016035 1.000000000 0.000051574 -0.000097448 -0.000080101 -0.000051576 1.000000000 -0.000027526
1.000000000 0.000044183 -0.000031550 -0.000033322 -0.000044183 1.000000000 -0.000011412 -0.000003299 0.000031549 0.000011414 1.000000000 -0.000006285
0.999999940 0.000333090 -0.000174144 0.000118069 -0.000333144 0.999999881 -0.000311476 0.000072857 0.000174040 0.000311534 0.999999940 -0.000197273
0.999999821 0.000411023 0.000401813 -0.000930741 -0.000411034 0.999999940 0.000027120 -0.001036309 -0.000401802 -0.000027285 0.999999940 -0.000244716
0.999999881 0.000325351 0.000372436 -0.000670988 -0.000324844 0.999999046 -0.001359040 -0.000855058 -0.000372878 0.001358919 0.999998987 -0.000221050
1.000000000 0.000114351 0.000157740 -0.000041376 -0.000114101 0.999998748 -0.001584396 -0.000752990 -0.000157921 0.001584378 0.999998748 -0.000155838
0.999999881 0.000196301 0.000401867 -0.000859186 -0.000195884 0.999999464 -0.001037739 -0.000984786 -0.000402070 0.001037661 0.999999404 -0.000416797
1.000000000 0.000167411 0.000126057 -0.000015779 -0.000167322 0.999999762 -0.000706505 0.000060868 -0.000126175 0.000706483 0.999999762 0.000090018
0.999999940 -0.000396567 -0.000031905 -0.000002683 0.000396544 0.999999642 -0.000713729 -0.000606264 0.000032188 0.000713716 0.999999762 -0.000138290
1.000000000 0.000163537 0.000124363 -0.000218587 -0.000163502 0.999999940 -0.000280839 -0.001021271 -0.000124409 0.000280819 0.999999940 0.000005073
1.000000000 0.000042208 0.000136765 -0.000421175 -0.000042151 0.999999940 -0.000413304 -0.000439721 -0.000136782 0.000413298 0.999999881 -0.000368671
0.999999762 0.000386231 0.000555859 -0.001480594 -0.000386036 0.999999881 -0.000351412 -0.000289964 -0.000555995 0.000351198 0.999999762 -0.000003026
1.000000000 0.000100708 0.000143661 -0.000650603 -0.000100661 0.999999940 -0.000328925 -0.000419211 -0.000143694 0.000328911 0.999999940 -0.000251385
1.000000000 0.000040923 -0.000029217 -0.000192925 -0.000040920 1.000000000 0.000120041 -0.001276715 0.000029222 -0.000120040 1.000000000 -0.000292657
0.999999940 0.000248037 0.000323382 -0.000875821 -0.000248034 0.999999940 -0.000008479 -0.001025177 -0.000323384 0.000008399 0.999999940 -0.000450800
1.000000000 0.000117271 -0.000096828 -0.000110989 -0.000117355 0.999999642 -0.000870564 -0.001131259 0.000096726 0.000870576 0.999999642 0.000172984
1.000000000 0.000151585 0.000098510 -0.000004729 -0.000151566 0.999999940 -0.000197244 -0.002295452 -0.000098539 0.000197229 1.000000000 -0.000169225
0.999999940 -0.000075333 0.000362240 -0.000524644 0.000075459 0.999999940 -0.000347638 -0.001152873 -0.000362214 0.000347665 0.999999881 -0.000061322
1.000000000 -0.000095911 0.000207273 -0.000283047 0.000095947 1.000000000 -0.000173034 -0.001147696 -0.000207256 0.000173053 0.999999940 -0.000079825
0.999999940 0.000278805 0.000145491 -0.000283072 -0.000278690 0.999999642 -0.000790115 -0.000274980 -0.000145711 0.000790074 0.999999702 0.000151462
1.000000000 0.000000631 -0.000230744 -0.000148032 -0.000000808 0.999999702 -0.000768656 -0.001939039 0.000230743 0.000768656 0.999999702 -0.000756398
1.000000000 -0.000069182 -0.000113663 -0.000096982 0.000069133 0.999999881 -0.000428319 -0.001729718 0.000113692 0.000428311 0.999999881 -0.000468035
1.000000000 0.000008845 0.000104137 -0.000498398 -0.000008803 0.999999940 -0.000398599 -0.002152412 -0.000104140 0.000398598 0.999999940 -0.000490988
0.999999940 0.000049772 -0.000321085 0.000426343 -0.000050312 0.999998569 -0.001680828 -0.001357662 0.000321001 0.001680844 0.999998510 -0.000615274
0.999999940 -0.000038126 -0.000349298 0.000489384 0.000037412 0.999997914 -0.002045373 -0.001741690 0.000349375 0.002045359 0.999997854 -0.000626744
1.000000000 -0.000109070 -0.000073303 -0.000037627 0.000108891 0.999997020 -0.002437230 -0.001242813 0.000073568 0.002437223 0.999997020 -0.000097570
1.000000000 -0.000026924 0.000187201 -0.000624290 0.000027337 0.999997556 -0.002207704 -0.000785876 -0.000187142 0.002207709 0.999997556 -0.000323174
0.999999881 -0.000172687 -0.000506866 0.000794330 0.000171665 0.999997973 -0.002016159 -0.001752212 0.000507213 0.002016071 0.999997854 -0.000790338
0.999999940 -0.000045352 -0.000270186 0.000215295 0.000044622 0.999996364 -0.002703091 -0.000459850 0.000270307 0.002703079 0.999996305 -0.000256374
0.999999881 -0.000402397 -0.000318995 0.000014249 0.000401632 0.999997079 -0.002394188 -0.000944227 0.000319958 0.002394059 0.999997079 -0.000506211
1.000000000 -0.000040431 -0.000158025 0.000306521 0.000040161 0.999998569 -0.001705928 -0.001848678 0.000158094 0.001705922 0.999998510 -0.000345407
0.999999940 -0.000351096 0.000047618 0.000045054 0.000351176 0.999998510 -0.001691605 -0.001450854 -0.000047024 0.001691622 0.999998569 -0.000485187
0.999999940 0.000357337 0.000067681 0.000124354 -0.000357215 0.999998331 -0.001790920 -0.001058971 -0.000068321 0.001790896 0.999998391 -0.000286692
0.999999940 -0.000087649 -0.000340858 0.000712954 0.000087041 0.999998391 -0.001784270 -0.001748749 0.000341014 0.001784240 0.999998331 -0.000993943
0.999999821 -0.000408264 -0.000416135 0.000321151 0.000407470 0.999998093 -0.001904316 -0.002531596 0.000416912 0.001904147 0.999998093 -0.000941504
0.999999881 -0.000381424 -0.000206910 0.000015626 0.000381082 0.999998569 -0.001648780 -0.002070586 0.000207538 0.001648701 0.999998629 -0.000705620
1.000000000 0.000122566 -0.000068306 -0.000266574 -0.000122703 0.999997973 -0.002014792 -0.002495463 0.000068059 0.002014800 0.999997973 -0.000791043
0.999999821 -0.000470083 -0.000311752 -0.000125011 0.000469468 0.999997973 -0.001969944 -0.001998501 0.000312678 0.001969798 0.999998033 -0.001145570
0.999999702 -0.000748103 -0.000272452 -0.000347065 0.000747449 0.999996841 -0.002393388 -0.001490596 0.000274241 0.002393184 0.999997079 -0.000409143
0.999999642 -0.000745356 -0.000458384 -0.000254488 0.000744443 0.999997735 -0.001986912 -0.002527050 0.000459864 0.001986570 0.999997914 -0.000925517
0.999999344 -0.000941897 -0.000686558 0.000161637 0.000940061 0.999996006 -0.002670061 -0.001706534 0.000689070 0.002669414 0.999996185 -0.000841740
0.999999940 -0.000015384 -0.000293722 -0.000207564 0.000014662 0.999996960 -0.002458291 -0.002301798 0.000293759 0.002458286 0.999996960 -0.000669757
0.999999166 -0.001261175 -0.000268253 -0.000853590 0.001260527 0.999996305 -0.002403555 -0.000856601 0.000271284 0.002403215 0.999997079 -0.000977814
0.999999940 -0.000263449 -0.000252463 -0.000053548 0.000262977 0.999998212 -0.001866226 -0.002529779 0.000252954 0.001866160 0.999998212 -0.001129988
0.999999464 -0.000934751 -0.000412946 -0.000378270 0.000933445 0.999994576 -0.003153053 -0.001320467 0.000415891 0.003152666 0.999994934 -0.000554109
0.999999046 -0.001196602 -0.000672851 -0.000329530 0.001195526 0.999998033 -0.001596675 -0.003445072 0.000674760 0.001595870 0.999998510 -0.000633513
0.999999762 -0.000570295 -0.000306253 -0.000588297 0.000569579 0.999997139 -0.002334456 -0.002397195 0.000307584 0.002334281 0.999997199 -0.000749239
0.999999642 -0.000539127 -0.000644048 0.000620692 0.000536732 0.999992967 -0.003711764 -0.001332121 0.000646045 0.003711417 0.999992907 -0.000591460
0.999998808 -0.001300136 -0.000813068 0.000275119 0.001297686 0.999994636 -0.003006725 -0.001556846 0.000816973 0.003005667 0.999995172 -0.000644618
0.999998748 -0.001246759 -0.000972181 0.000099519 0.001244013 0.999995232 -0.002820211 -0.002113305 0.000975692 0.002818998 0.999995530 -0.000938192
0.999999762 -0.000662340 -0.000177918 0.000180436 0.000661687 0.999993145 -0.003646732 -0.002801945 0.000180332 0.003646614 0.999993324 -0.001066820
0.999998212 -0.001498310 0.001135675 0.000492487 0.001503252 0.999989331 -0.004363558 -0.003385517 -0.001129125 0.004365258 0.999989808 -0.000915389
0.999991834 -0.001635240 0.003688280 0.000030260 0.001656795 0.999981523 -0.005848759 -0.004077870 -0.003678648 0.005854822 0.999976099 -0.001051339
0.999985635 -0.000939174 0.005277156 0.000076965 0.000969218 0.999983311 -0.005693489 -0.006346308 -0.005271721 0.005698522 0.999969840 -0.000804775
0.999973953 -0.002799849 0.006649421 -0.001545283 0.002857555 0.999958217 -0.008684683 -0.008086433 -0.006624827 0.008703458 0.999940157 0.000169045
0.999961197 -0.004565041 0.007535982 -0.001252365 0.004672931 0.999885976 -0.014361635 -0.009195607 -0.007469561 0.014396292 0.999868453 0.003148941
0.999937654 -0.007521270 0.008250106 -0.001834834 0.007718948 0.999677420 -0.024196334 -0.014132118 -0.008065457 0.024258507 0.999673188 0.006052654
0.999910533 -0.010469394 0.008328263 -0.001411418 0.010748181 0.999358356 -0.034165788 -0.021004200 -0.007965224 0.034252245 0.999381483 0.010187465
0.999904275 -0.009286725 0.010256776 -0.004041095 0.009680126 0.999192476 -0.038996004 -0.028981773 -0.009886348 0.039091557 0.999186754 0.013024387
0.999853730 -0.014001987 0.009819654 -0.006604929 0.014419215 0.998936653 -0.043790508 -0.041216027 -0.009196058 0.043925695 0.998992503 0.016659589
0.999802113 -0.018066633 0.008324210 -0.007339973 0.018471668 0.998503923 -0.051465243 -0.056999333 -0.007381953 0.051608820 0.998640120 0.019189438
0.999765694 -0.020134918 0.007947211 -0.010676877 0.020560544 0.998121679 -0.057709355 -0.074123792 -0.006770310 0.057859231 0.998301804 0.022251394
0.999729514 -0.022405868 0.006231491 -0.011847684 0.022768978 0.997554958 -0.066072911 -0.091983214 -0.004735833 0.066196926 0.997795343 0.024186991
0.999713063 -0.023182716 0.006030418 -0.013828387 0.023535157 0.997472703 -0.067039639 -0.113938764 -0.004461017 0.067162327 0.997732103 0.024851093
0.999732673 -0.022299504 0.006111465 -0.014536176 0.022672160 0.997301042 -0.069832638 -0.132183790 -0.004537737 0.069952525 0.997539997 0.026578708
0.999769151 -0.020363931 0.006848536 -0.015390093 0.020800440 0.997242570 -0.071235813 -0.147996381 -0.005379010 0.071361825 0.997435987 0.026109127
0.999781847 -0.019726947 0.006860644 -0.016370755 0.020155361 0.997391999 -0.069303125 -0.161428928 -0.005475612 0.069426283 0.997572064 0.029976625
0.999797702 -0.018649716 0.007532981 -0.018911000 0.019129360 0.997390151 -0.069619969 -0.168494403 -0.006214928 0.069749989 0.997545123 0.034740672
0.999820769 -0.017401075 0.007458588 -0.019067688 0.017876325 0.997438073 -0.069266044 -0.168537900 -0.006234176 0.069386959 0.997570336 0.040759966
0.999847949 -0.015387556 0.008205906 -0.021218449 0.015910149 0.997560918 -0.067963965 -0.166405290 -0.007140092 0.068084188 0.997654021 0.047346793
0.999860883 -0.014458567 0.008315778 -0.023567088 0.014988192 0.997599006 -0.067613088 -0.161009610 -0.007318224 0.067728318 0.997676969 0.053141054
0.999858737 -0.015271590 0.007020180 -0.021821743 0.015691416 0.997810483 -0.064250000 -0.160143077 -0.006023610 0.064351082 0.997909129 0.059567530
0.999839723 -0.016503191 0.006940944 -0.023559550 0.016905598 0.997896314 -0.062587321 -0.156919375 -0.005893452 0.062694632 0.998015344 0.065172799
0.999809325 -0.018695423 0.005639974 -0.024433266 0.019007608 0.997919559 -0.061605848 -0.157673776 -0.004476494 0.061701305 0.998084605 0.069440395
0.999807477 -0.018844198 0.005465155 -0.026327364 0.019130427 0.998123348 -0.058170442 -0.159595951 -0.004358723 0.058263794 0.998291731 0.072663650
0.999798954 -0.019621598 0.004127492 -0.025806375 0.019824829 0.998182237 -0.056914166 -0.161508009 -0.003003242 0.056984548 0.998370528 0.075058386
0.999833465 -0.017710699 0.004407522 -0.025987247 0.017935645 0.998172760 -0.057701416 -0.161850706 -0.003377536 0.057770859 0.998324156 0.077958986
0.999830425 -0.017802224 0.004711005 -0.026285278 0.018036550 0.998293579 -0.055539347 -0.166302487 -0.003714242 0.055614900 0.998445392 0.079818875
0.999847233 -0.016972460 0.004173016 -0.026787940 0.017173486 0.998387694 -0.054102056 -0.171315476 -0.003248043 0.054165456 0.998526692 0.079702653
0.999838054 -0.017360317 0.004747228 -0.027609630 0.017600734 0.998250842 -0.056439657 -0.172110483 -0.003759114 0.056514069 0.998394728 0.079650596
0.999830902 -0.017874209 0.004323868 -0.026769169 0.018087890 0.998275995 -0.055838186 -0.177684322 -0.003318350 0.055906951 0.998430490 0.079433404
0.999814868 -0.018786320 0.004161488 -0.026299864 0.018986881 0.998305976 -0.054996978 -0.184096202 -0.003121248 0.055065807 0.998477876 0.077794798
0.999817312 -0.018771712 0.003602356 -0.025071841 0.018936314 0.998415530 -0.052989546 -0.191859752 -0.002601943 0.053048082 0.998588562 0.077190176
0.999812663 -0.018949125 0.003949390 -0.024452060 0.019127490 0.998489738 -0.051501837 -0.197915331 -0.002967510 0.051567730 0.998665094 0.074398242
0.999827385 -0.018061671 0.004357305 -0.024193838 0.018244738 0.998753667 -0.046457302 -0.203312457 -0.003512777 0.046528783 0.998910785 0.072734535
0.999823511 -0.018315168 0.004185652 -0.022928374 0.018446933 0.999252498 -0.033973385 -0.210911855 -0.003560295 0.034044601 0.999413967 0.070056014
0.999833226 -0.017891841 0.003665376 -0.021651875 0.017959278 0.999652922 -0.019275742 -0.216776952 -0.003319226 0.019338354 0.999807477 0.068555474
0.999912560 -0.011361240 0.006768940 -0.022262027 0.011404398 0.999914646 -0.006371714 -0.221203089 -0.006695971 0.006448352 0.999956787 0.067023709
0.999952495 -0.005529502 0.008027297 -0.020033630 0.005513741 0.999982834 0.001984264 -0.230603635 -0.008038132 -0.001939909 0.999965787 0.066156194
0.999922335 0.003365719 0.011998334 -0.020183347 -0.003429681 0.999979973 0.005314288 -0.239568144 -0.011980208 -0.005355026 0.999913871 0.066292278
0.999798119 0.013226388 0.015123769 -0.019038450 -0.013241535 0.999911904 0.000901883 -0.243660867 -0.015110508 -0.001101963 0.999885201 0.067297548
0.999667346 0.019963365 0.016329693 -0.017065074 -0.019960115 0.999800682 -0.000362040 -0.258895576 -0.016333666 0.000035977 0.999866605 0.071418703
0.999515474 0.024562256 0.019117095 -0.018133920 -0.024434082 0.999677539 -0.006909721 -0.267628610 -0.019280650 0.006439264 0.999793351 0.073429585
0.999292135 0.028646566 0.024384048 -0.022026265 -0.028327707 0.999509871 -0.013323068 -0.276409447 -0.024753757 0.012622893 0.999613881 0.076748319
0.999364555 0.022869946 0.027338551 -0.022156095 -0.022446305 0.999624729 -0.015703917 -0.289543122 -0.027687440 0.015080289 0.999502897 0.081836872
0.999388218 0.010819415 0.033258647 -0.026064815 -0.010262039 0.999804795 -0.016884115 -0.307131380 -0.033434831 0.016532481 0.999304175 0.087962724
0.999123812 -0.000851351 0.041843262 -0.029555866 0.001677240 0.999804318 -0.019706542 -0.318858355 -0.041818306 0.019759458 0.998929739 0.094581321
0.998392880 -0.014664894 0.054742474 -0.033639409 0.015950900 0.999605179 -0.023129394 -0.332060367 -0.054381680 0.023965415 0.998232543 0.101459831
0.997037649 -0.025729746 0.072483875 -0.037310794 0.027635615 0.999294937 -0.025414526 -0.343728155 -0.071778871 0.027342381 0.997045696 0.108702034
0.992489100 -0.048108794 0.112475835 -0.041672565 0.051533986 0.998285711 -0.027744584 -0.363321185 -0.110948272 0.033332530 0.993267000 0.123551674
0.989050329 -0.059239350 0.135167107 -0.044889756 0.063179508 0.997687817 -0.025045440 -0.374522239 -0.133370936 0.033310995 0.990506232 0.131926924
0.985008597 -0.068734340 0.158219904 -0.047902938 0.073533975 0.996987343 -0.024676615 -0.384371817 -0.156047136 0.035941221 0.987095475 0.141250670
0.980620563 -0.077517450 0.179928362 -0.049878471 0.082990825 0.996282876 -0.023082538 -0.394623637 -0.177470267 0.037567623 0.983408809 0.149007723
0.976439178 -0.083702780 0.198897570 -0.053216703 0.089886770 0.995703340 -0.022251779 -0.403260976 -0.196180463 0.039605774 0.979767621 0.159663543
0.972887099 -0.091234900 0.212525114 -0.051226374 0.098254047 0.994902790 -0.022680793 -0.409670562 -0.209372595 0.042947307 0.976892292 0.165709987
0.968803465 -0.094915405 0.228934139 -0.058505096 0.102120988 0.994574666 -0.019807937 -0.419267088 -0.225812033 0.042568982 0.973240376 0.175847411
0.965511858 -0.098853670 0.240862548 -0.061619259 0.106556609 0.994122505 -0.019135453 -0.426861078 -0.237555265 0.044141006 0.970370591 0.182561755
0.962693870 -0.101346925 0.250896811 -0.064079821 0.109733380 0.993767321 -0.019627256 -0.433737069 -0.247343898 0.046426795 0.967814863 0.192144275
0.956180036 -0.109552912 0.271510363 -0.074109107 0.117916785 0.992915690 -0.014632509 -0.452995330 -0.267983854 0.046006944 0.962324262 0.210691959
0.952645242 -0.114901163 0.281539917 -0.074487559 0.123280197 0.992297351 -0.012169478 -0.457925022 -0.277972996 0.046301492 0.959472299 0.217815757
0.943162978 -0.124755658 0.308025360 -0.080768026 0.131962419 0.991251349 -0.002590200 -0.472574949 -0.305007398 0.043090750 0.951374590 0.237686545
0.936993718 -0.130456164 0.324074179 -0.081830963 0.137509614 0.990499854 0.001145287 -0.480006218 -0.321144849 0.043490186 0.946031034 0.246529266
0.929971397 -0.136197686 0.341472358 -0.080591433 0.143891886 0.989589453 0.002824399 -0.480755776 -0.338302076 0.046508495 0.939887524 0.256047308
0.920835853 -0.142376274 0.363029420 -0.084324680 0.149230480 0.988759220 0.009252856 -0.489571184 -0.360266030 0.045654692 0.931731701 0.267632991
0.911458671 -0.150003701 0.383069217 -0.081718460 0.156464860 0.987578094 0.014433688 -0.495668769 -0.380475879 0.046781175 0.923606813 0.275800675
0.900326371 -0.159375265 0.404983699 -0.078514040 0.166212782 0.985916734 0.018482123 -0.497574687 -0.402225763 0.050673526 0.914137006 0.286053061
0.872025490 -0.176673338 0.456462771 -0.086054437 0.183419436 0.982579827 0.029902235 -0.501896739 -0.453794032 0.057648629 0.889239907 0.311188400
0.855802178 -0.188499138 0.481737018 -0.085133776 0.193610057 0.980278015 0.039626654 -0.509081125 -0.479705751 0.059356567 0.875419378 0.324654222
0.840020657 -0.197352663 0.505388141 -0.081460014 0.203530967 0.978095055 0.043648507 -0.507497787 -0.502931774 0.066196494 0.861787379 0.336862743
0.822022021 -0.205819741 0.530959547 -0.083853975 0.210830867 0.976139367 0.051983479 -0.510270238 -0.528989673 0.069211088 0.845801234 0.351606786
0.804502606 -0.215799138 0.553359032 -0.080755442 0.221492141 0.973458827 0.057612762 -0.508233786 -0.551104903 0.076215044 0.830947936 0.365823507
0.785988808 -0.225236312 0.575751901 -0.081792310 0.231039524 0.970811903 0.064381234 -0.507575512 -0.573447704 0.082418501 0.815085769 0.378259808
0.766960442 -0.234656781 0.597250342 -0.081972227 0.239820674 0.968113780 0.072400898 -0.509884953 -0.595195532 0.087704353 0.798780441 0.394300342
0.749525607 -0.241554320 0.616330147 -0.078073218 0.246125504 0.965990245 0.079278506 -0.511641026 -0.614518940 0.092273280 0.783487141 0.405522615
0.729100645 -0.250127375 0.637062490 -0.082301959 0.252315909 0.963494658 0.089524552 -0.518397629 -0.636198819 0.095468596 0.765595615 0.424042761
0.709209800 -0.256943345 0.656507075 -0.082597733 0.257728279 0.961255312 0.097797550 -0.523313701 -0.656199396 0.099841453 0.747953236 0.439712375
0.690563977 -0.264705002 0.673091829 -0.080262154 0.264341921 0.958609760 0.105786048 -0.523765385 -0.673234582 0.104874365 0.731953979 0.452305853
0.649301052 -0.277685672 0.708024561 -0.079386994 0.275494546 0.953611255 0.121359229 -0.523571730 -0.708880007 0.116258286 0.695681691 0.487409860
0.629469275 -0.282559007 0.723829269 -0.078808740 0.277147472 0.951913238 0.130577549 -0.523985088 -0.725918531 0.118412927 0.677510619 0.502653360
0.607632339 -0.290046632 0.739361763 -0.077500656 0.283932716 0.948739171 0.138838500 -0.523905694 -0.741731167 0.125566289 0.658838272 0.521944702
0.586387992 -0.294228733 0.754704177 -0.076352507 0.287799627 0.946585357 0.145421654 -0.523672044 -0.757179260 0.131930083 0.639745176 0.540781081
0.564935505 -0.298766136 0.769146681 -0.075709909 0.293174446 0.944002867 0.151351392 -0.521810710 -0.771295428 0.139990404 0.620891213 0.557195246
0.543399513 -0.301003069 0.783654332 -0.074499294 0.296154797 0.942223072 0.156550676 -0.524726570 -0.785499454 0.147013456 0.601146996 0.578644454
0.522980273 -0.304731011 0.796009183 -0.070044428 0.303712517 0.939229727 0.160019264 -0.524264753 -0.796398401 0.158071086 0.583749235 0.594687819
0.500424147 -0.307570636 0.809305847 -0.069742605 0.309704214 0.936510503 0.164412037 -0.524999261 -0.808491826 0.168369725 0.563908219 0.617651939
0.480418831 -0.312887251 0.819328547 -0.066650093 0.318830162 0.932588696 0.169191092 -0.526908159 -0.817034304 0.179944098 0.547791004 0.633655250
0.459413201 -0.318980217 0.828969955 -0.063184068 0.326690078 0.928552806 0.176247954 -0.526879191 -0.825961947 0.189845666 0.530796945 0.652829230
0.414678097 -0.321285874 0.851362050 -0.060497642 0.334684372 0.923865676 0.185630381 -0.524610519 -0.846184671 0.207960755 0.490636140 0.696741998
0.391766727 -0.326176435 0.860306859 -0.058100894 0.338744551 0.920504093 0.194741994 -0.530214190 -0.855436087 0.215130821 0.471113354 0.715388179
0.368779749 -0.326537281 0.870272875 -0.057139412 0.343519211 0.917857945 0.198824853 -0.526534200 -0.863710642 0.225632936 0.450659215 0.738281190
0.345987499 -0.329532266 0.878465176 -0.055086732 0.350891173 0.913794458 0.204584986 -0.526869893 -0.870154083 0.237461865 0.431791335 0.756484568
0.321419626 -0.334438205 0.885912299 -0.054296911 0.354053408 0.910145521 0.215131462 -0.536039293 -0.878257155 0.244512796 0.410947502 0.780381978
0.298421234 -0.337044239 0.892942369 -0.053000301 0.361783713 0.905700266 0.220951632 -0.537267148 -0.883208513 0.257115334 0.392217278 0.799946904
0.275476933 -0.337855488 0.899981141 -0.051575243 0.368519813 0.901796222 0.225735933 -0.536007702 -0.887865841 0.269475847 0.372930527 0.819850922
0.253175467 -0.339037538 0.906066060 -0.051289223 0.373217285 0.898306787 0.231848642 -0.536371589 -0.892530680 0.279461175 0.353963971 0.836980939
0.230942458 -0.341785520 0.910960078 -0.050556429 0.378920287 0.893944204 0.239339143 -0.538814068 -0.896150172 0.289907664 0.335959136 0.853892267
0.187838420 -0.344735086 0.919714332 -0.049086004 0.382799953 0.888033152 0.254678696 -0.538599014 -0.904533565 0.304228187 0.298771352 0.887676835
0.166224539 -0.350365430 0.921744764 -0.049056210 0.383763492 0.884041190 0.266827166 -0.540217161 -0.908347428 0.309378743 0.281406820 0.905217528
0.147620857 -0.354651690 0.923271537 -0.047993917 0.382505894 0.881332815 0.277383536 -0.536941826 -0.912084043 0.312209219 0.265759528 0.916554749
0.127263486 -0.358829588 0.924686551 -0.047199082 0.378794253 0.879187405 0.289040357 -0.535530925 -0.916689038 0.313481718 0.247811139 0.933513224
0.110158965 -0.364542365 0.924647987 -0.047955450 0.375629395 0.876582563 0.300841510 -0.535317183 -0.920199692 0.314184576 0.233496323 0.944560826
0.095349714 -0.369463950 0.924340189 -0.046891812 0.372276336 0.874425709 0.311110914 -0.536327362 -0.923211098 0.314445674 0.220918983 0.958293200
0.083140031 -0.369310617 0.925579429 -0.048907004 0.369860649 0.873890996 0.315464050 -0.532915533 -0.925359905 0.316107750 0.209248781 0.974045396
0.074338660 -0.370497614 0.925853848 -0.047676999 0.369715750 0.872499108 0.319461495 -0.532381892 -0.926166296 0.318554401 0.201839268 0.985970378
0.067039415 -0.369418293 0.926841855 -0.044711493 0.371361494 0.871429205 0.320471108 -0.533699989 -0.926065028 0.322709173 0.195607856 0.999142945
0.061204046 -0.367420793 0.928038776 -0.044642251 0.369878620 0.871933341 0.320814610 -0.535569847 -0.927061915 0.323626578 0.189266965 1.011424303
0.057062611 -0.363817155 0.929720879 -0.044186618 0.372080117 0.871898711 0.318353474 -0.534563482 -0.926445007 0.327764541 0.185121998 1.024221063
0.054808706 -0.362431675 0.930397391 -0.041245140 0.371743172 0.872219026 0.317869544 -0.534729540 -0.926716328 0.328446835 0.182536691 1.037270188
0.052191094 -0.364942491 0.929566026 -0.040014274 0.373134315 0.870542943 0.320820451 -0.531828821 -0.926308155 0.330108970 0.181607202 1.052544713
0.052316383 -0.370275885 0.927447438 -0.039249621 0.373433352 0.868595243 0.325714588 -0.532838285 -0.926180661 0.329299539 0.183715180 1.064559937
0.052660704 -0.373794556 0.926015377 -0.037510339 0.376073211 0.866455197 0.328365982 -0.529116809 -0.925092340 0.330957621 0.186202228 1.078511834
0.054360390 -0.377440333 0.924436986 -0.035962731 0.379840195 0.864021301 0.330437034 -0.527955830 -0.923453569 0.333175659 0.190335602 1.090404510
0.055122435 -0.379868448 0.923396647 -0.033027370 0.387385875 0.860498965 0.330868304 -0.525426447 -0.920268357 0.339472532 0.194588467 1.105163097
0.057591990 -0.382687896 0.922080874 -0.031979978 0.395111561 0.856938303 0.330973834 -0.525425315 -0.916826069 0.345263392 0.200557217 1.114173412
0.059923545 -0.387078673 0.920097411 -0.027691210 0.402242929 0.852966130 0.332639992 -0.531074822 -0.913569748 0.350169778 0.206812397 1.125819802
0.064968690 -0.383135408 0.921404541 -0.016451757 0.404219329 0.854312897 0.326735795 -0.527730525 -0.912351787 0.351221889 0.210374340 1.146703482
0.069800839 -0.379440308 0.922579467 -0.010732796 0.399458557 0.858081162 0.322690964 -0.522165716 -0.914090097 0.346008152 0.211465508 1.152456641
0.073114902 -0.377318650 0.923192739 -0.005214185 0.389118165 0.863099813 0.321940660 -0.524893224 -0.918281674 0.335692406 0.209927037 1.159874558
0.076467067 -0.371697396 0.925199330 0.002873868 0.381788284 0.868111074 0.317207813 -0.520917594 -0.921081185 0.328974277 0.208291605 1.168440938
0.081860363 -0.367083222 0.926579058 0.011830918 0.375541419 0.872534215 0.312494308 -0.520043731 -0.923183441 0.322387904 0.209280908 1.171312451
0.086245820 -0.365473866 0.926817358 0.021488190 0.367967337 0.876191556 0.311268926 -0.521695077 -0.925830245 0.314192891 0.210050359 1.176642418
0.089645445 -0.362125844 0.927808464 0.029165335 0.363979161 0.879035532 0.307921708 -0.519236088 -0.927083015 0.310099155 0.210607857 1.182888508
0.090616301 -0.358975232 0.928937793 0.037056632 0.359202623 0.881768823 0.305707812 -0.519548535 -0.928849936 0.305974782 0.208847508 1.189487576
0.087835640 -0.356680244 0.930088222 0.046786368 0.355781823 0.883345544 0.305155545 -0.520854354 -0.930432260 0.304104954 0.204489589 1.197088003
0.083481908 -0.351517260 0.932451844 0.056512401 0.356646359 0.884277105 0.301425844 -0.517561376 -0.930502117 0.307391971 0.199188501 1.198820114
0.071768478 -0.346092492 0.935451329 0.066838399 0.359532565 0.883796990 0.299398094 -0.516977131 -0.930368543 0.314837873 0.187860310 1.210408688
0.058220237 -0.337614894 0.939482093 0.072588257 0.364032209 0.883459628 0.294923246 -0.514477670 -0.929564834 0.324831277 0.174337924 1.212996125
0.041629285 -0.329766691 0.943144202 0.081606403 0.372396350 0.881065547 0.291624010 -0.515524626 -0.927139699 0.339083314 0.159482032 1.214604497
0.023062751 -0.322777092 0.946193933 0.090610869 0.379202962 0.878544152 0.290456772 -0.514559567 -0.925026059 0.352100819 0.142659694 1.214511275
0.000099868 -0.315971613 0.948768556 0.097291015 0.381505340 0.877022147 0.292037457 -0.510157526 -0.924366653 0.361931205 0.120632470 1.218005061
-0.026773870 -0.316568553 0.948191702 0.101554200 0.381476194 0.873513341 0.302407682 -0.514501274 -0.923990846 0.369809210 0.097376019 1.226993322
-0.050467137 -0.323313057 0.944945335 0.105963416 0.382106066 0.867914140 0.317364126 -0.521564364 -0.922739387 0.377085865 0.079738744 1.230443358
-0.071167521 -0.329339296 0.941525817 0.110061124 0.385583341 0.861458123 0.330477417 -0.524436355 -0.919924319 0.386555880 0.065679900 1.231560707
-0.104642078 -0.346597821 0.932158768 0.113543861 0.395529568 0.845482111 0.358770698 -0.536574662 -0.912472725 0.406238765 0.048616648 1.233524084
-0.116844490 -0.356312692 0.927032113 0.114636958 0.397705525 0.838529289 0.372423172 -0.546445727 -0.910042703 0.412201434 0.043729994 1.231930971
-0.125557289 -0.363959402 0.922913253 0.117798217 0.399082989 0.833158731 0.382856905 -0.560736716 -0.908277512 0.416389465 0.040640857 1.225766182
-0.132555902 -0.368924528 0.919958472 0.119309075 0.401322097 0.828688264 0.390149117 -0.577261269 -0.906294405 0.420916200 0.038210034 1.218512654
-0.139124155 -0.370869100 0.918205082 0.121672206 0.404280722 0.825161874 0.394543946 -0.595420599 -0.903992057 0.426103204 0.035135284 1.211929321
-0.143668830 -0.371842265 0.917110980 0.124270543 0.407090664 0.822479606 0.397246212 -0.614236236 -0.902018011 0.430419207 0.033208810 1.202123642
-0.147827536 -0.373144001 0.915920615 0.127549991 0.407491714 0.820855737 0.400182962 -0.632804930 -0.901164591 0.432388127 0.030707993 1.191737294
-0.150563002 -0.373922944 0.915157080 0.131172985 0.409003437 0.819209576 0.402009726 -0.649195254 -0.900026143 0.434830219 0.029593103 1.179548502
-0.153454229 -0.371288061 0.915749371 0.133683950 0.406533360 0.820945144 0.400973529 -0.664758325 -0.900656700 0.433813781 0.024963468 1.167703748
-0.155503869 -0.369533032 0.916113436 0.137945443 0.404104084 0.822449565 0.400345623 -0.678352118 -0.901398003 0.432460457 0.021435704 1.153917789
-0.156805515 -0.369602919 0.915863395 0.141478151 0.396205336 0.825901926 0.401132822 -0.690253735 -0.904673159 0.425769776 0.016932674 1.139949083
-0.156883568 -0.370595872 0.915448725 0.147259802 0.385490894 0.830422342 0.402238071 -0.701043129 -0.909276843 0.416001618 0.012581699 1.124787331
-0.157224238 -0.375442028 0.913413167 0.154572532 0.374742538 0.833058417 0.406917274 -0.713957548 -0.913700521 0.406272084 0.009717099 1.108913898
-0.157398224 -0.377121210 0.912691295 0.159466058 0.364728749 0.836667538 0.408607751 -0.723320663 -0.917713881 0.397198826 0.005856946 1.095193386
-0.157087266 -0.379548222 0.911738217 0.165509298 0.356699407 0.839073956 0.410755932 -0.734331667 -0.920917511 0.389741123 0.003576808 1.077650905
-0.158015132 -0.380348086 0.911244512 0.172759309 0.353821218 0.839750350 0.411861539 -0.742103934 -0.921868682 0.387497932 0.001881935 1.065004110
-0.159727752 -0.381049812 0.910652578 0.182426780 0.355431378 0.838426471 0.413170159 -0.751508951 -0.920953691 0.389669240 0.001517057 1.054177284
-0.160931215 -0.383888364 0.909247398 0.190900967 0.360239536 0.834849715 0.416237384 -0.763783455 -0.918873608 0.394532472 0.003938392 1.039083362
-0.161345437 -0.384337008 0.908984423 0.199803233 0.364001960 0.832938015 0.416793585 -0.770079970 -0.917316973 0.398119777 0.005508639 1.024752259
-0.161289960 -0.382265866 0.909867167 0.220106810 0.360327423 0.835482836 0.414888799 -0.780734181 -0.918776214 0.394767523 0.002985887 0.998152554
-0.160885453 -0.382950097 0.909651041 0.231325954 0.357415408 0.836495519 0.415366828 -0.788605213 -0.919983804 0.391949743 0.002292298 0.984806180
-0.161721393 -0.380997509 0.910322487 0.242720842 0.353744000 0.838780701 0.413898647 -0.793948650 -0.921255410 0.388957381 -0.000873230 0.974886656
-0.162310064 -0.381123662 0.910164893 0.256453812 0.350230128 0.840087771 0.414236069 -0.799613714 -0.922493577 0.386001855 -0.002873704 0.961504877
-0.163519979 -0.377512902 0.911452234 0.269140601 0.347761095 0.842525661 0.411354691 -0.802494645 -0.923213601 0.384232342 -0.006485470 0.951279879
-0.167543471 -0.373635292 0.912318945 0.282190919 0.347468466 0.843637586 0.409318268 -0.807886422 -0.922602236 0.385580629 -0.011519492 0.940607071
-0.172530249 -0.367352188 0.913939536 0.296049148 0.348110467 0.845237851 0.405452907 -0.811882615 -0.921440423 0.388104826 -0.017949983 0.920302927
-0.184097499 -0.358546048 0.915179133 0.314867437 0.347145051 0.847370982 0.401812017 -0.821371317 -0.919564247 0.391672462 -0.031531401 0.909919560
-0.196686268 -0.348959595 0.916265011 0.324639797 0.346274912 0.849573910 0.397891849 -0.819429755 -0.917282999 0.395539492 -0.046263553 0.899293959
-0.210256472 -0.349438190 0.913063645 0.338443995 0.343700886 0.847902894 0.403646469 -0.822558522 -0.915238678 0.398690075 -0.058174856 0.888900757
-0.222198769 -0.356626302 0.907439053 0.355588466 0.341787755 0.843155503 0.415054202 -0.827354908 -0.913131475 0.402375966 -0.065457582 0.876731455
-0.232548729 -0.364003360 0.901899457 0.369241059 0.337849140 0.839341879 0.425867498 -0.828313887 -0.912019253 0.403740913 -0.072209656 0.866975784
-0.241965517 -0.369453341 0.897193909 0.383162737 0.334140748 0.836382866 0.434526950 -0.830347776 -0.910935044 0.404929638 -0.078926384 0.858914435
-0.250520855 -0.374157280 0.892886102 0.400066704 0.329845786 0.834126234 0.442080617 -0.833545208 -0.910187304 0.405265123 -0.085551791 0.849372387
-0.264056712 -0.375781745 0.888291717 0.430453658 0.323847890 0.832969725 0.448646665 -0.839348674 -0.908513367 0.406139553 -0.098255150 0.832887471
-0.269731104 -0.371049672 0.888575912 0.446518838 0.321942836 0.834926903 0.446374148 -0.842401445 -0.907522976 0.406471640 -0.105748966 0.825730145
-0.274483174 -0.362403780 0.890686512 0.463131428 0.321277797 0.838471174 0.440166622 -0.844690681 -0.906333029 0.406976074 -0.113713935 0.818382740
-0.279035360 -0.356594056 0.891616464 0.481081128 0.320000529 0.840896487 0.436454743 -0.850005627 -0.905394375 0.407103956 -0.120529592 0.812548935
-0.281892329 -0.349541515 0.893508554 0.498716265 0.321403146 0.843065858 0.431207567 -0.854674280 -0.904011369 0.408730537 -0.125310078 0.806303859
-0.284618050 -0.345500171 0.894215941 0.516481042 0.322474360 0.843929768 0.428710610 -0.860333800 -0.902775109 0.410380453 -0.128782719 0.802292883
-0.286365211 -0.341296673 0.895271838 0.533486784 0.327588975 0.843213618 0.426234931 -0.862144351 -0.900377870 0.415339977 -0.129662067 0.798593938
-0.288121700 -0.338376790 0.895816445 0.548977017 0.335878432 0.840343118 0.425451577 -0.868531406 -0.896756172 0.423467189 -0.128467634 0.793755233
-0.292031854 -0.335264832 0.895720303 0.563344538 0.344762951 0.836677790 0.425568610 -0.873998523 -0.892107487 0.433090776 -0.128749669 0.788262844
-0.300036669 -0.332875133 0.893964350 0.579679072 0.351520419 0.832611442 0.428008795 -0.880373180 -0.886798322 0.442665070 -0.132801563 0.783478081
-0.312092125 -0.331394792 0.890379667 0.598547935 0.359012455 0.826561511 0.433481485 -0.886077344 -0.879607022 0.454943538 -0.138988465 0.778017819
-0.326632559 -0.329349816 0.885911942 0.611019790 0.364298522 0.821028352 0.439544052 -0.894147336 -0.872122586 0.466305703 -0.148192987 0.772272050
-0.344386786 -0.327425271 0.879880905 0.630261302 0.365547240 0.816484571 0.446909696 -0.902060270 -0.864738584 0.475547820 -0.161497101 0.767297387
